7.852120496052108045e+00
8.644186527435978817e+00
9.168532785990787914e+00
8.017230917665489898e+00
7.338699594931599179e+00
nan
8.005658961355345937e+00
5.384289106297077687e+00
8.708446436607108154e+00
8.597420770377670607e+00
8.173450792721739688e+00
8.589153883025030467e+00
nan
8.227782768473812069e+00
8.624808581479921799e+00
8.336186785759625906e+00
8.102820993113864390e+00
nan
8.308052866620823096e+00
9.434317546731664450e+00
8.844173041139390179e+00
9.426990076384141659e+00
8.841643167171664430e+00
nan
7.297158403776533575e+00
8.393166037967642268e+00
8.213294363284152411e+00
6.895549527859840211e+00
nan
7.291972466610472381e+00
6.912232940701326989e+00
8.464540131044465454e+00
6.420134264585273698e+00
7.693386575512429104e+00
7.246833273358436855e+00
nan
8.002133929094537024e+00
7.411068886065235617e+00
7.786918696558423392e+00
8.015957358588687853e+00
nan
6.956317371635403646e+00
7.800128110700289774e+00
6.936036009573578909e+00
8.710234624559195282e+00
nan
8.377845173855750005e+00
8.095795662776755108e+00
8.334365014090211687e+00
7.830692964691654545e+00
nan
9.439771864027044046e+00
9.030066012567932177e+00
8.443822414287796008e+00
nan
9.655265362578260735e+00
8.632699432958334640e+00
7.805527648538835628e+00
nan
9.195563171591690121e+00
9.167572150862067559e+00
7.926966204069239907e+00
8.028566242026828448e+00
nan
7.545813371212783061e+00
9.781397174922135562e+00
8.599616179809784100e+00
8.970112409992593072e+00
nan
9.491869222104671877e+00
9.233901831093735524e+00
7.909075494461641043e+00
nan
9.761537040479339566e+00
8.349315270888627794e+00
1.113488874039809673e+01
6.713549748241032233e+00
nan
9.846880465736292720e+00
9.833329363515886712e+00
