1.744991841881511618e+01
1.578304727438490396e+01
1.598215231000563108e+01
1.555381270413880657e+01
1.900429147453719736e+01
nan
1.588847527773035040e+01
1.710241685854903437e+01
1.586862946987031897e+01
1.586823367650455197e+01
1.556556304256761969e+01
1.586891907121245460e+01
nan
1.659694075326353868e+01
1.575659056255653034e+01
1.632106264464659517e+01
1.696555704337998094e+01
nan
1.504439068218182562e+01
1.553453004637742829e+01
1.517142530852818894e+01
1.548011883965907387e+01
1.535067424604632080e+01
nan
1.604334896677841371e+01
1.643756457903594992e+01
1.695793764419942562e+01
1.704862304109322224e+01
nan
1.733316517233419773e+01
1.507570213737358245e+01
1.782603830620176311e+01
1.611387938949271614e+01
1.618719852122094949e+01
1.598712369427740931e+01
nan
1.712937387607209772e+01
1.537932476180273333e+01
1.618152035981962200e+01
1.703345033164467637e+01
1.545658621912821573e+01
1.516360811406580922e+01
1.620647404882605258e+01
1.467956609010913560e+01
1.584156330417933845e+01
1.545658621912821573e+01
1.508387574455643687e+01
1.563679229263457593e+01
1.500600736549933600e+01
1.618848478853119133e+01
1.545658621912821573e+01
1.554267656726828228e+01
1.675237052881476885e+01
1.642026920652147837e+01
1.545658621912821573e+01
1.484170950501497188e+01
1.580050120189159912e+01
1.624164868307027731e+01
1.545658621912821573e+01
1.620381908139137650e+01
1.611185771500543851e+01
1.566419586886615889e+01
1.565154213161261332e+01
1.545658621912821573e+01
1.683649402953817287e+01
1.498749502224134744e+01
1.309383507681864423e+01
1.522499282554950284e+01
1.545658621912821573e+01
1.552817386162441338e+01
1.471249598746394760e+01
1.756878784363358648e+01
1.545658621912821573e+01
1.503198388461848900e+01
1.503128033715521106e+01
1.492233937010198019e+01
1.566502857616123556e+01
1.545658621912821573e+01
1.449395934958020327e+01
1.302034439062912696e+01
